 PDE 2009  9  2  7 55  1.00  -7.7800  107.3300  50.0 7.0 7.0 JAVA, INDONESIA                         
event name:     200909020755A  
time shift:      6.2300
half duration:   7.5000
latitude:       -8.0800
longitude:     107.3400
depth:          52.7200
Mrr:       3.760000e+26
Mtt:      -1.580000e+26
Mpp:      -2.180000e+26
Mrt:       1.400000e+26
Mrp:      -1.250000e+26
Mtp:      -8.340000e+25
